Mean 0.2172 0.5793 0.3208 0.4582 0.3271 0.0632 0.4393 0.2321 0.3700 0.3022 0.2173 0.3422 0.02679 0.4258 0.2232 0.06235 0.4329 0.2221 0.2258 0.3202
KNNI 0.2064 0.5413 0.2983 0.4781 0.2566 0.0579 0.2313 0.1326 0.2838 0.2876 0.206 0.337 0.0635 0.478 0.182 0.0579 0.231 0.132 0.198 0.287
XGBI 0.2518 0.5868 0.3034 0.4582 0.2707 0.0564 0.2371 0.1403 0.3597 0.2948 0.251 0.345 0.0643 0.458 0.192 0.0564 0.237 0.140 0.251 0.294
MissFI 0.2079 0.5399 0.2912 0.4729 0.2368 0.0553 0.2282 0.1458 0.2838 0.2695 0.207 0.335 0.0617 0.472 0.168 0.0553 0.228 0.145 0.198 0.269
MICE 0.2189 0.4978 0.3092 0.4467 0.2227 0.0699 0.2374 0.1718 0.3712 0 0.218 0.302 0.0655 0.446 0.158 0.0699 0.237 0.171 0.259 0
MFI 0.2467 0.5654 0.4102 0.4838 0.3299 0.0592 0.2935 0.2204 0.3741 0.3178 0.246 0.353 0.0862 0.483 0.234 0.0592 0.2935 0.220 0.261 0.317
MIDAE 0.3689 0.5774 0.4564 0.4429 0.2749 0.0539 0.2219 0.1563 0.3024 0.2731 0.368 0.357 0.0914 0.442 0.195 0.0539 0.221 0.156 0.211 0.273
VAEI 0.2172 0.4583 0.3316 0.4387 0.3623 0.0581 0.2176 0.1677 0.2809 0.2679 0.217 0.293 0.0647 0.438 0.257 0.0581 0.217 0.167 0.196 0.267
GAIN 0.1843 0.4276 0.2625 0.4278 0.1847 0.0537 0.1929 0.1325 0.2666 0.2735 0.174 0.271 0.0556 0.427 0.131 0.0537 0.192 0.132 0.186 0.273
HI-VAE 0.1992 0.4427 0.2837 0.4536 0.2439 0.0562 0.1973 0.1606 0.2909 0.2757 0.199 0.281 0.0579 0.453 0.173 0.0562 0.197 0.160 0.203 0.2757
GINN 0.2327 0.5114 0.3117 0.4328 0.258 0.0558 0.3527 0.2483 0.3096 0 0.232 0.335 0.0657 0.432 0.183 0.0558 0.352 0.248 0.216 0
MIWAE 0.1891 0.4018 0.2514 0.3872 0.2044 0.0539 0 0 0 0 0.189 0.40 0.0584 0.387 0.145 0.0539 0 0 0 0
VGAIN 0.1678 0.4233 0.2937 0.4166 0.1773 0.0532 0.1876 0.1425 0.2709 0.2723 0.167 0.408 0.0592 0.416 0.140 0.0532 0.187 0.142 0.189 0.272
G2LGN 0.1724 0.4082 0.2415 0.4261 0.1712 0.0514 0.1986 0.1263 0.2207 0.2832 0.172 0.272 0.0549 0.426 0.147 0.0514 0.198 0.129 0.154 0.283
SINN-v1 0.1592 0.3828 0.2058 0.3947 0.1521 0.0489 0.1803 0.1232 0.2422 0.2560 0.162 0.258 0.0539 0.392 0.123 0.0489 0.180 0.123 0.176 0.256
SINN-v2 0.1589 0.3825 0.2054 0.3945 0.1510 0.0488 0.1795 0.1221 0.2413 0.2547 0.161 0.259 0.0535 0.3938 0.121 0.0488 0.178 0.122 0.179 0.2547
SINN-v3 0.1591 0.3829 0.2055 0.3979 0.1513 0.0487 0.1816 0.1230 0.2417 0.2554 0.162 0.261 0.0538 0.3976 0.123 0.0487 0.181 0.1226 0.175 0.256